1756842920852 6.25 0
1756842921894 23.452970297029704 100
1756842922924 31.32773631840796 200
1756842923954 37.68687707641196 300
1756842924979 42.25763715710723 400
1756842926014 46.06724051896207 500
1756842926588 48.73128119800333 600
1756842927244 50.7935092724679 700
1756842928307 52.25109238451935 800
1756842929102 53.655660377358494 900
1756842930740 59.375 938
1756842931667 65.96534653465346 1038
1756842932527 65.66386815920399 1138
1756842933110 66.04028239202658 1238
1756842933676 66.32247506234414 1338
1756842934371 66.67602295409182 1438
1756842934903 67.10690515806988 1538
1756842935447 67.41262482168331 1638
1756842936017 67.76100187265918 1738
1756842936572 68.0181742508324 1838
1756842937986 62.5 1876
1756842938861 71.16336633663366 1976
1756842939473 71.62624378109453 2076
1756842940239 71.73484219269103 2176
1756842941285 72.06203241895261 2276
1756842942318 72.33969560878243 2376
1756842943325 72.44696339434276 2476
1756842944317 72.5481455064194 2576
1756842944910 72.70014044943821 2676
1756842945472 72.89123196448391 2776
1756842920852 6.25 0
