1756842920852 2.3000738620758057 0
1756842921894 2.236009420734821 100
1756842922924 2.1770751713520258 200
1756842923954 2.119047135609725 300
1756842924979 2.0608768344222756 400
1756842926014 2.000917961259564 500
1756842926588 1.9399321003880556 600
1756842927244 1.8789818929707613 700
1756842928307 1.821556146820535 800
1756842929102 1.76669866342788 900
1756842930740 1.2616779804229736 938
1756842931667 1.213240661243401 1038
1756842932527 1.1926116237592934 1138
1756842933110 1.158765400960992 1238
1756842933676 1.1330528039290126 1338
1756842934371 1.1107782105247894 1438
1756842934903 1.0857906518085625 1538
1756842935447 1.0654517224273736 1638
1756842936017 1.0459180953499678 1738
1756842936572 1.0303957711049376 1838
1756842937986 1.003795862197876 1876
1756842938861 0.8656156641421932 1976
1756842939473 0.8577978397483257 2076
1756842940239 0.8527618135724749 2176
1756842941285 0.841919657000877 2276
1756842942318 0.8347147697222209 2376
1756842943325 0.8289725233036745 2476
1756842944317 0.8245692376403427 2576
1756842944910 0.8198311094487651 2676
1756842945472 0.814709449647931 2776
1756842920852 2.3000738620758057 0
